0.5
1.5
2.5
3.5
4.5
5.5
6.5
7.5
8.5
9.5
10.5
11.5
12.5
13.5
14.5
15.5
16.5
17.5
18.5
19.5
21.5
23.5
25.5
27.5
29.5
31.5
33.5
35.5
37.5
39.5
41.5
43.5
45.5
47.5
49.5
51.5
53.5
55.5
57.5
59.5
61.5
63.5
65.5
67.5
69.5
71.5
73.5
75.5
77.5
79.5
81.5
83.5
85.5
87.5
89.5
91.5
93.5
95.5
97.5
99.5
104.5
109.5
114.5
119.5
124.5
129.5
134.5
139.5
144.5
149.5
154.5
159.5
164.5
169.5
174.5
179.5
184.5
189.5
194.5
199.5
204.5
209.5
214.5
219.5
224.5
229.5
234.5
239.5
244.5
249.5
254.5
259.5
264.5
269.5
274.5
279.5
284.5
289.5
294.5
299.5
304.5
309.5
314.5
319.5
324.5
329.5
334.5
339.5
344.5
349.5
354.5
359.5
364.5
369.5
374.5
379.5
384.5
389.5
394.5
399.5
404.5
409.5
414.5
419.5
424.5
429.5
434.5
439.5
444.5
449.5
454.5
459.5
464.5
469.5
474.5
479.5
484.5
489.5
494.5
499.5
504.5
509.5
514.5
519.5
524.5
529.5
534.5
539.5
544.5
549.5
554.5
559.5
564.5
569.5
574.5
579.5
584.5
589.5
594.5
599.5
604.5
609.5
614.5
619.5
624.5
629.5
634.5
639.5
644.5
649.5
654.5
659.5
664.5
669.5
674.5
679.5
684.5
689.5
694.5
699.5
704.5
709.5
714.5
719.5
724.5
729.5
734.5
739.5
744.5
749.5
754.5
759.5
764.5
769.5
774.5
779.5
784.5
789.5
794.5
799.5
804.5
809.5
814.5
819.5
824.5
829.5
834.5
839.5
844.5
849.5
854.5
859.5
864.5
869.5
874.5
879.5
884.5
889.5
894.5
899.5
904.5
909.5
914.5
919.5
924.5
929.5
934.5
939.5
944.5
949.5
954.5
959.5
964.5
969.5
974.5
979.5
984.5
989.5
994.5
999.5
1019.5
1039.5
1059.5
1079.5
1099.5
1119.5
1139.5
1159.5
1179.5
1199.5
1219.5
1239.5
1259.5
1279.5
1299.5
1319.5
1339.5
1359.5
1379.5
1399.5
1419.5
1439.5
1459.5
1479.5
1499.5
1519.5
1539.5
1559.5
1579.5
1599.5
1619.5
1639.5
1659.5
1679.5
1699.5
1719.5
1739.5
1759.5
1779.5
1799.5
1819.5
1839.5
1859.5
1879.5
1899.5
1919.5
1939.5
1959.5
1979.5
1999.5
2049.5
2099.5
2149.5
2199.5
2249.5
2299.5
2349.5
2399.5
2449.5
2499.5
2549.5
2599.5
2649.5
2699.5
2749.5
2799.5
2849.5
2899.5
2949.5
2999.5
3049.5
3099.5
3149.5
3199.5
3249.5
3299.5
3349.5
3399.5
3449.5
3499.5
3549.5
3599.5
3649.5
3699.5
3749.5
3799.5
3849.5
3899.5
3949.5
3999.5
4049.5
4099.5
4149.5
4199.5
4249.5
4299.5
4349.5
4399.5
4449.5
4499.5
4549.5
4599.5
4649.5
4699.5
4749.5
4799.5
4849.5
4899.5
4949.5
4999.5
5049.5
5099.5
5149.5
5199.5
5249.5
5299.5
5349.5
5399.5
5449.5
5499.5
5549.5
5599.5
5649.5
5699.5
5749.5
5799.5
5849.5
5899.5
5949.5
5999.5
6049.5
6099.5
6149.5
6199.5
6249.5
6299.5
6349.5
6399.5
6449.5
6499.5
6549.5
6599.5
6649.5
6699.5
6749.5
6799.5
6849.5
6899.5
6949.5
6999.5
7049.5
7099.5
7149.5
7199.5
7249.5
7299.5
7349.5
7399.5
7449.5
7499.5
7549.5
7599.5
7649.5
7699.5
7749.5
7799.5
7849.5
7899.5
7949.5
7999.5
8049.5
8099.5
8149.5
8199.5
8249.5
8299.5
8349.5
8399.5
8449.5
8499.5
8549.5
8599.5
8649.5
8699.5
8749.5
8799.5
8849.5
8899.5
8949.5
8999.5
9049.5
9099.5
9149.5
9199.5
9249.5
9299.5
9349.5
9399.5
9449.5
9499.5
9549.5
9599.5
9649.5
9699.5
9749.5
9799.5
9849.5
9899.5
9949.5
9999.5
10199.5
10399.5
10599.5
10799.5
10999.5
11199.5
11399.5
11599.5
11799.5
11999.5
12199.5
12399.5
12599.5
12799.5
12999.5
13199.5
13399.5
13599.5
13799.5
13999.5
14199.5
14399.5
14599.5
14799.5
14999.5
15199.5
15399.5
15599.5
15799.5
15999.5
16199.5
16399.5
16599.5
16799.5
16999.5
17199.5
17399.5
17599.5
17799.5
17999.5
18199.5
18399.5
18599.5
18799.5
18999.5
19199.5
19399.5
19599.5
19799.5
19999.5
20499.5
20999.5
21499.5
21999.5
22499.5
22999.5
23499.5
23999.5
24499.5
24999.5
25499.5
25999.5
26499.5
26999.5
27499.5
27999.5
28499.5
28999.5
29499.5
29999.5
30499.5
30999.5
31499.5
31999.5
32499.5
32999.5
33499.5
33999.5
34499.5
34999.5
35499.5
35999.5
36499.5
36999.5
37499.5
37999.5
38499.5
38999.5
39499.5
39999.5
40499.5
40999.5
41499.5
41999.5
42499.5
42999.5
43499.5
43999.5
44499.5
44999.5
45499.5
45999.5
46499.5
46999.5
47499.5
47999.5
48499.5
48999.5
49499.5
49999.5
50499.5
50999.5
51499.5
51999.5
52499.5
52999.5
53499.5
53999.5
54499.5
54999.5
55499.5
55999.5
56499.5
56999.5
57499.5
57999.5
58499.5
58999.5
59499.5
59999.5
60499.5
60999.5
61499.5
61999.5
62499.5
62999.5
63499.5
63999.5
64499.5
64999.5
65499.5
65999.5
66499.5
66999.5
67499.5
67999.5
68499.5
68999.5
69499.5
69999.5
70499.5
70999.5
71499.5
71999.5
72499.5
72999.5
73499.5
73999.5
74499.5
74999.5
75499.5
75999.5
76499.5
76999.5
77499.5
77999.5
78499.5
78999.5
79499.5
79999.5
80499.5
80999.5
81499.5
81999.5
82499.5
82999.5
83499.5
83999.5
84499.5
84999.5
85499.5
85999.5
86499.5
86999.5
87499.5
87999.5
88499.5
88999.5
89499.5
89999.5
90499.5
90999.5
91499.5
91999.5
92499.5
92999.5
93499.5
93999.5
94499.5
94999.5
95499.5
95999.5
96499.5
96999.5
97499.5
97999.5
98499.5
98999.5
99499.5
99999.5